〈Table 2〉 Impact of M as a function of λ

| No | Parameters | Optimal performance |
| --- | --- | --- |
|  | c_K | c_R | c_h^1 | c_h^2 | λ | μ | d | B | M | Q* | g | % | EOQ |
| 1 | 300 | 50 | 5 | 1 | 0.5 | 1 | 0.1 | 10 | 1 | 23 | 27.73 |  | 17 |
| 2 |  |  |  |  |  |  |  |  | 2 | 21 | 25.88 | 6.67 | 17 |
| 3 |  |  |  |  |  |  |  |  | 3 | 21 | 25.24 | 2.47 | 17 |
| 4 |  |  |  |  |  |  |  |  | 4 | 20 | 24.86 | 1.51 | 17 |
| 5 |  |  |  |  | 0.7 |  |  |  | 5 | 20 | 24.61 | 1.01 | 17 |
| 6 | 300 | 50 | 5 | 1 | 0.7 | 1 | 0.1 | 10 | 1 | 27 | 39.59 |  | 20 |
| 7 |  |  |  |  |  |  |  |  | 2 | 25 | 37.33 | 5.71 | 20 |
| 8 |  |  |  |  |  |  |  |  | 3 | 24 | 36.42 | 2.44 | 20 |
| 9 |  |  |  |  |  |  |  |  | 4 | 24 | 35.87 | 1.51 | 20 |
| 10 |  |  |  |  | 0.9 |  |  |  | 5 | 23 | 35.49 | 1.06 | 20 |
| 11 |  |  |  |  | 0.9 |  |  |  | 1 | 29 | 54.98 |  | 23 |
| 12 |  |  |  |  |  |  |  |  | 2 | 28 | 52.66 | 4.22 | 23 |
| 13 |  |  |  |  |  |  |  |  | 3 | 27 | 51.66 | 1.90 | 23 |
| 14 |  |  |  |  |  |  |  |  | 4 | 26 | 51.02 | 1.24 | 23 |
| 15 |  |  |  |  |  |  |  |  | 5 | 26 | 50.58 | 0.86 | 23 |

〈Table 3〉 Impact of M as a function of d

| No | Parameters | Optimal performance |
| --- | --- | --- |
|  | c_K | c_R | c_h^1 | c_h^2 | λ | μ | d | B | M | Q* | g | % | EOQ |
| 1 | 300 | 50 | 5 | 1 | 0.8 | 1 | 0.1 | 10 | 1 | 29 | 46.89 |  | 22 |
| 2 |  |  |  |  |  |  |  |  | 2 | 27 | 44.56 | 4.97 | 22 |
| 3 |  |  |  |  |  |  |  |  | 3 | 26 | 43.58 | 2.20 | 22 |
| 4 |  |  |  |  |  |  |  |  | 4 | 25 | 42.96 | 1.42 | 22 |
| 5 |  |  |  |  |  |  |  |  | 5 | 25 | 42.53 | 1.00 | 22 |
| 6 | 300 | 50 | 5 | 1 | 0.8 | 1 | 0.2 | 10 | 1 | 27 | 43.49 |  | 22 |
| 7 |  |  |  |  |  |  |  |  | 2 | 24 | 41.38 | 4.85 | 22 |
| 8 |  |  |  |  |  |  |  |  | 3 | 24 | 40.84 | 1.30 | 22 |
| 9 |  |  |  |  |  |  |  |  | 4 | 24 | 40.53 | 0.76 | 22 |
| 10 |  |  |  |  |  |  |  |  | 5 | 24 | 40.32 | 0.52 | 22 |
| 11 |  |  |  |  |  |  | 0.4 |  | 1 | 26 | 39.61 | 6.32 | 22 |
| 12 |  |  |  |  |  |  |  |  | 2 | 23 | 39.37 | 0.61 | 22 |
| 13 |  |  |  |  |  |  |  |  | 3 | 23 | 39.24 | 0.33 | 22 |
| 14 |  |  |  |  |  |  |  |  | 4 | 23 | 39.15 | 0.23 | 22 |
| 15 |  |  |  |  |  |  |  |  | 5 | 23 | 39.15 | 0.23 | 22 |

Eungab Kim

278

한국생산관리학회지 제21권 제3호 2010년 9월

www.kci.go.kr