〈Table 5〉 Impact of M as a function of cR

| No | Parameters | Optimal performance | EOQ |
| --- | --- | --- | --- |
|  | cK | cR | c_h^1 | c_h^2 | λ | μ | d | B | M | Q* | g | % | EOQ |
| 1 | 300 | 25 | 4 | 1 | 0.7 | 1 | 0.1 | 10 | 1 | 27 | 35.24 |  | 20 |
| 2 |  |  |  |  |  |  |  |  | 2 | 25 | 33.72 | 4.31 |  | 20 |
| 3 |  |  |  |  |  |  |  |  | 3 | 24 | 33.11 | 1.81 |  | 20 |
| 4 |  |  |  |  |  |  |  |  | 4 | 24 | 32.72 | 1.18 |  | 20 |
| 5 |  |  |  |  |  |  |  |  | 5 | 23 | 32.44 | 0.86 |  | 20 |
| 6 |  | 50 |  |  |  |  |  |  | 1 | 27 | 36.44 |  |  | 20 |
| 7 |  |  |  |  |  |  |  |  | 2 | 25 | 34.46 | 5.43 |  | 20 |
| 8 |  |  |  |  |  |  |  |  | 3 | 24 | 33.66 | 2.32 |  | 20 |
| 9 |  |  |  |  |  |  |  |  | 4 | 24 | 33.17 | 1.46 |  | 20 |
| 10 |  |  |  |  |  |  |  |  | 5 | 23 | 32.83 | 1.03 |  | 20 |
| 11 |  | 75 |  |  |  |  |  |  | 1 | 27 | 37.52 |  |  | 20 |
| 12 |  |  |  |  |  |  |  |  | 2 | 25 | 35.11 | 6.42 |  | 20 |
| 13 |  |  |  |  |  |  |  |  | 3 | 24 | 34.16 | 2.71 |  | 20 |
| 14 |  |  |  |  |  |  |  |  | 4 | 24 | 33.59 | 1.67 |  | 20 |
| 15 |  |  |  |  |  |  |  |  | 5 | 23 | 33.22 | 1.10 |  | 20 |

〈Table 6〉 Impact of M as a function of cK

| No | Parameters | Optimal performance | EOQ |
| --- | --- | --- | --- |
|  | cK | cR | c_h^1 | c_h^2 | λ | μ | d | B | M | Q* | g | % | EOQ |
| 1 | 100 | 60 | 4 | 1 | 0.7 | 1 | 0.1 | 10 | 1 | 20 | 30.98 |  | 12 |
| 2 |  |  |  |  |  |  |  |  | 2 | 17 | 28.27 | 8.75 |  | 12 |
| 3 |  |  |  |  |  |  |  |  | 3 | 15 | 27.05 | 4.32 |  | 12 |
| 4 |  |  |  |  |  |  |  |  | 4 | 15 | 26.31 | 2.74 |  | 12 |
| 5 |  |  |  |  |  |  |  |  | 5 | 15 | 25.83 | 1.82 |  | 12 |
| 6 | 200 |  |  |  |  |  |  |  | 1 | 24 | 34.17 |  |  | 17 |
| 7 |  |  |  |  |  |  |  |  | 2 | 21 | 31.82 | 6.88 |  | 17 |
| 8 |  |  |  |  |  |  |  |  | 3 | 20 | 30.82 | 3.14 |  | 17 |
| 9 |  |  |  |  |  |  |  |  | 4 | 20 | 29.81 | 1.98 |  | 17 |
| 10 |  |  |  |  |  |  |  |  | 5 | 19 | 29.81 | 1.32 |  | 17 |
| 11 | 300 |  |  |  |  |  |  |  | 1 | 27 | 34.73 |  |  | 20 |
| 12 |  |  |  |  |  |  |  |  | 2 | 25 | 33.86 | 2.51 |  | 20 |
| 13 |  |  |  |  |  |  |  |  | 3 | 24 | 33.34 | 1.54 |  | 20 |
| 14 |  |  |  |  |  |  |  |  | 4 | 23 | 32.99 | 1.05 |  | 20 |
| 15 |  |  |  |  |  |  |  |  | 5 |  |  |  |  |  |

Eungab Kim

280

한국생산관리학회지 제21권 제3호 2010년 9월

www.kci.go.kr